Other Warship 0.17419354617595673 0.17741934955120087 0.07096774131059647 0.08602150529623032
Commander 0.48978495597839355 0.4279569983482361 0.16236558556556702 0.16559140384197235
Submarine 0.1897849440574646 0.16827957332134247 0.10000000149011612 0.11075268685817719
Submarine 0.5822580456733704 0.8096774220466614 0.1043010726571083 0.07741935551166534
Other Warship 0.16827957332134247 0.20107527077198029 0.031182795763015747 0.03010752610862255
Submarine 0.22580644488334656 0.14623655378818512 0.10322580486536026 0.09677419066429138
Submarine 0.5758064389228821 0.9365591406822205 0.10215053707361221 0.10537634044885635
Dock 0.5682795643806458 0.6634408831596375 0.2849462330341339 0.22365590929985046
Hovercraft 0.7655913829803467 0.6801075339317322 0.06451612710952759 0.05698924884200096
Hovercraft 0.624731183052063 0.6580645442008972 0.062365591526031494 0.055913977324962616
Arleigh Burke DD 0.5059139728546143 0.6494623422622681 0.2827956974506378 0.21290323138237
